object={
	name="Jerusalame Chrisatin Quater"
	clamp_to_water_level=no
	render_under_water=no
	generated_content=no
	layer="building_layer"
	pdxmesh="building_mediterranean_city_02_mena_mesh"
	count=17
	transform="2958.557617 0.000000 1397.972656 0.000000 0.084633 0.000000 -0.996412 0.145300 0.145300 0.145300
2959.844971 0.000000 1398.319824 0.000000 0.777675 0.000000 0.628666 0.145300 0.145300 0.145300
2958.742188 0.000000 1397.472046 0.000000 -0.941963 0.000000 -0.335717 0.145300 0.145300 0.145300
2958.546143 0.000000 1399.424072 0.000000 0.777675 0.000000 0.628666 0.145300 0.145300 0.145300
2957.511963 0.000000 1400.310791 0.000000 -0.172543 0.000000 0.985002 0.145300 0.145300 0.145300
2956.556396 0.000000 1399.677979 0.000000 0.395263 0.000000 -0.918568 0.145300 0.145300 0.145300
2958.255859 0.000000 1398.428955 0.000000 0.777675 0.000000 0.628666 0.145300 0.145300 0.145300
2957.751465 0.000000 1398.624756 0.000000 0.777675 0.000000 0.628666 0.145300 0.145300 0.145300
2957.455078 0.000000 1398.416626 0.000000 0.777675 0.000000 0.628666 0.145300 0.145300 0.145300
2958.535156 0.000000 1401.243042 0.000000 0.714619 0.000000 0.699513 0.191583 0.191583 0.191583
2957.981201 0.000000 1400.882568 0.000000 0.948157 0.000000 -0.317801 0.191583 0.191583 0.191583
2956.774414 0.000000 1398.097290 0.000000 0.668685 0.000000 -0.743546 0.150006 0.150006 0.150006
2955.536377 0.000000 1398.826782 0.000000 -0.426557 0.000000 0.904460 0.145300 0.145300 0.145300
2956.016113 0.000000 1398.726562 0.000000 -0.426557 0.000000 0.904460 0.145300 0.145300 0.145300
2955.595703 0.000000 1399.724121 0.000000 0.920505 0.000000 -0.390730 0.114328 0.114328 0.114328
2954.935059 0.000000 1398.725830 0.000000 0.170617 0.000000 0.985337 0.145300 0.145300 0.145300
2955.332031 0.000000 1398.281494 0.000000 0.229385 0.000000 0.973336 0.145300 0.145300 0.145300
"}
object={
	name="Jerusalem Hospitaller Hospital"
	clamp_to_water_level=no
	render_under_water=no
	generated_content=no
	layer="building_layer"
	pdxmesh="building_mena_temple_generic_02_mesh"
	count=2
	transform="2959.256836 0.000000 1399.130127 0.000000 0.850827 0.000000 -0.525445 0.103450 0.103450 0.103450
2958.970703 0.000000 1398.937378 0.000000 -0.513585 0.000000 -0.858038 0.103450 0.103450 0.103450
"}
