object={
	name="Constaninople Palace"
	clamp_to_water_level=no
	render_under_water=no
	generated_content=no
	layer="building_layer"
	pdxmesh="building_mediterranean_castle_04_mesh"
	count=1
	transform="2592.954590 0.000000 1961.261719 0.000000 0.993517 0.000000 -0.113680 0.350977 0.350977 0.350977
"}
object={
	name="Constaninople Walls"
	clamp_to_water_level=no
	render_under_water=no
	generated_content=no
	layer="building_layer"
	pdxmesh="koh_byzantine_walll_short_mesh"
	count=17
	transform="2598.934082 -1.346069 1967.259399 0.000000 -0.697943 0.000000 0.716153 0.381533 0.381533 0.381533
2597.825439 -1.346069 1961.796753 0.000000 -0.553209 0.000000 0.833042 0.381533 0.381533 0.381533
2599.876465 -1.346069 1972.786011 0.000000 -0.594020 0.000000 0.804450 0.381533 0.381533 0.381533
2597.121094 -1.346069 1976.015015 0.000000 -0.993584 0.000000 0.113096 0.381533 0.381533 0.381533
2592.980957 -1.346069 1976.915161 0.000000 -0.993584 0.000000 0.113096 0.381533 0.381533 0.381533
2587.273682 -1.346069 1978.409546 0.000000 -0.993584 0.000000 0.113096 0.381533 0.381533 0.381533
2581.761719 -1.346069 1979.871948 0.000000 -0.987642 0.000000 0.156726 0.381533 0.381533 0.381533
2577.274902 8.543945 1981.270752 0.000000 -0.988140 0.000000 0.153560 0.381533 0.381533 0.381533
2576.428955 0.000000 1979.359741 0.000000 -0.477140 0.000000 -0.878828 0.381533 0.381533 0.381533
2576.043701 0.000000 1974.422852 0.000000 -0.892256 0.000000 -0.451530 0.381533 0.381533 0.381533
2573.341064 0.000000 1969.444580 0.000000 -0.831822 0.000000 -0.555042 0.381533 0.381533 0.381533
2591.714844 0.382690 1955.586548 0.000000 0.209995 0.000000 -0.977703 0.381533 0.381533 0.381533
2586.350586 0.382690 1954.267822 0.000000 0.006980 0.000000 -0.999976 0.381533 0.381533 0.381533
2581.759521 0.382690 1954.143555 0.000000 0.006980 0.000000 -0.999976 0.381533 0.381533 0.381533
2576.349121 0.382690 1954.998779 0.000000 -0.199270 0.000000 -0.979945 0.381533 0.381533 0.381533
2572.605225 0.382690 1958.672363 0.000000 -0.573323 0.000000 -0.819330 0.381533 0.381533 0.381533
2571.919434 0.000000 1964.058716 0.000000 -0.769198 0.000000 -0.639011 0.381533 0.381533 0.381533
"}
object={
	name="Haigna Sofia"
	clamp_to_water_level=no
	render_under_water=no
	generated_content=no
	layer="building_layer"
	pdxmesh="building_special_hagia_sophia_mesh"
	count=1
	transform="2595.532959 0.000000 1965.268555 0.000000 0.179022 0.000000 0.983845 0.229883 0.229883 0.229883
"}
object={
	name="Jerusalem Inside"
	clamp_to_water_level=no
	render_under_water=no
	generated_content=no
	layer="building_layer"
	pdxmesh="building_mediterranean_city_02_mena_mesh"
	count=11
	transform="2959.014404 0.000000 1395.642700 0.000000 0.033783 0.000000 -0.999429 0.561911 0.561911 0.561911
2959.800049 0.000000 1395.078125 0.000000 0.033783 0.000000 -0.999429 0.561911 0.561911 0.561911
2961.204346 0.000000 1394.472046 0.000000 0.057977 0.000000 -0.998318 0.561911 0.561911 0.561911
2962.395996 0.000000 1398.631348 0.000000 0.057977 0.000000 -0.998318 0.561911 0.561911 0.561911
2963.374512 -0.885864 1397.381836 0.000000 0.057977 0.000000 -0.998318 0.561911 0.561911 0.561911
2963.349365 30.063232 1395.718384 0.000000 0.405025 0.000000 -0.914306 0.561911 0.561911 0.561911
2963.180420 0.000000 1395.268677 0.000000 0.405025 0.000000 -0.914306 0.561911 0.561911 0.561911
2961.137451 0.000000 1399.223755 0.000000 0.572561 0.000000 0.819862 0.561911 0.561911 0.561911
2959.546875 0.000000 1398.840210 0.000000 -0.867958 0.000000 0.496637 0.561911 0.561911 0.561911
2959.595459 0.000000 1397.839600 0.000000 -0.986534 0.000000 0.163555 0.561911 0.561911 0.561911
2958.764648 0.000000 1397.464233 0.000000 0.000000 0.000000 1.000000 0.561911 0.561911 0.561911
"}
object={
	name="Jerusalem Outside"
	clamp_to_water_level=no
	render_under_water=no
	generated_content=no
	layer="building_layer"
	pdxmesh="building_mediterranean_city_02_mena_mesh"
	count=2
	transform="2956.974854 0.000000 1394.186401 0.000000 0.000000 0.000000 1.000000 0.576929 0.576929 0.576929
2963.964844 0.000000 1391.734009 0.000000 0.000000 0.000000 1.000000 0.726099 0.726099 0.726099
"}
object={
	name="Jeruslalem"
	clamp_to_water_level=no
	render_under_water=no
	generated_content=no
	layer="building_layer"
	pdxmesh="mediterranean_walls_04_a_mesh"
	count=1
	transform="2960.812744 0.000000 1396.802002 0.000000 0.146021 0.000000 0.989281 1.303439 1.303439 1.303439
"}
object={
	name="Rome Layer"
	clamp_to_water_level=no
	render_under_water=no
	generated_content=no
	layer="building_layer"
	pdxmesh="building_mediterranean_city_02_western_mesh"
	count=19
	transform="1670.484375 -0.111694 1980.670044 0.000000 -0.569900 0.000000 0.821714 0.614677 0.614677 0.614677
1669.039673 -0.111694 1983.310303 0.000000 -0.569900 0.000000 0.821714 0.614677 0.614677 0.614677
1670.233643 0.000000 1983.508301 0.000000 0.975497 0.000000 0.220013 0.614677 0.614677 0.614677
1672.812744 0.000000 1984.164795 0.000000 -0.812225 -0.000000 -0.583345 0.614677 0.614677 0.614677
1673.831909 0.000000 1989.966675 0.000000 -0.530333 0.000000 0.847790 0.614677 0.614677 0.614677
1674.463745 0.000000 1988.128540 0.000000 0.380738 0.000000 0.924683 0.614677 0.614677 0.614677
1667.564941 0.000000 1991.339844 0.000000 -0.244422 0.000000 0.969669 0.614677 0.614677 0.614677
1670.157837 0.000000 1991.511353 0.000000 -0.244422 0.000000 0.969669 0.614677 0.614677 0.614677
1672.695801 0.000000 1991.777100 0.000000 0.251841 0.000000 -0.967769 0.614677 0.614677 0.614677
1676.637329 0.000000 1984.802856 0.000000 0.999346 0.000000 -0.036158 0.614677 0.614677 0.614677
1677.833496 0.000000 1983.416016 0.000000 0.999346 0.000000 -0.036158 0.614677 0.614677 0.614677
1678.226562 0.000000 1981.112305 0.000000 0.945966 0.000000 -0.324266 0.614677 0.614677 0.614677
1677.645996 0.000000 1978.741943 0.000000 -0.238961 0.000000 -0.971030 0.614677 0.614677 0.614677
1675.169189 0.000000 1976.651367 0.000000 -0.499700 0.000000 -0.866199 0.614677 0.614677 0.614677
1671.841431 0.000000 1977.759033 0.000000 0.004333 0.000000 0.999991 0.614677 0.614677 0.614677
1667.028564 0.000000 1980.973389 0.000000 0.004333 0.000000 0.999991 0.614677 0.614677 0.614677
1664.798584 0.000000 1984.982178 0.000000 0.004333 0.000000 0.999991 0.614677 0.614677 0.614677
1674.551025 0.000000 1985.768188 0.000000 0.004333 0.000000 0.999991 0.614677 0.614677 0.614677
1674.551025 0.000000 1985.768188 0.000000 0.004333 0.000000 0.999991 0.614677 0.614677 0.614677
"}
