object={
	name="SKYX_skybox"
	clamp_to_water_level=no
	render_under_water=yes
	generated_content=no
	layer="temp_layer"
	pdxmesh="SKYX_skybox_mesh"
	count=5
	transform="4084.450195 0.000000 2051.892334 0.000000 0.000000 0.000000 1.000000 10000.000000 1000.000000 5000.000000
4085.305664 0.000000 2045.521484 0.000000 0.000000 0.000000 1.000000 10000.000000 1000.000000 5000.000000
4088.803955 0.000000 2049.623535 0.000000 0.000000 0.000000 1.000000 10000.000000 1000.000000 5000.000000
4093.204590 0.000000 2056.010742 0.000000 0.000000 0.000000 1.000000 10000.000000 1000.000000 5000.000000
4096.000000 1080.585449 2048.000000 0.000000 0.000000 0.000000 1.000000 10000.000000 1000.000000 5000.000000
"}
